firstRun: 15921
radialShift0: 0
radialShift12: -1.51
radialShift18: -2.75
verticalShift0: 0
verticalShift12: -0.55
verticalShift18: -0.61
trackerXZAngle0: 0
trackerXZAngle12: -0.06417
trackerXZAngle18: -0.13522
trackerYZAngle0: 0
trackerYZAngle12: -0.00235
trackerYZAngle18:  0.02366